     210   22154   2900.   1.  0.03    1.5    573  12.566370614  




     tau01 = 1/3.264251368874822/1.064/2.2*0.09

     tau1  = 1/3.264251368874822/1.064/2.2

     tau10  = 1/3.264251368874822/1.064/2.2*9.7
~                                                 
